13.7493
12.5302
13.7529
12.5657
11.9653
9.36311
9.83138
7.57216
11.2429
8.25529
9.30752
9.69242
9.99129
9.20223
10.3473
14.1865
13.9141
13.2155
9.09828
9.10895
9.01779
9.64191
9.92599
10.634
10.1018
10.6481
10.8071
11.3033
11.3402
11.2062
11.1261
10.2018
9.19155
9.35605
14.2591
14.3353
14.9009
15.0883
14.9794
12.2651
10.0396
14.0712
15.0642
14.9927
13.8145
10.1263
14.8075
15.0098
15.6477
10.1537
10.6538
9.73375
9.79341
13.6764
15.2831
13.6544
15.3732
15.4894
15.827
15.4298
14.2947
9.96517
13.6442
14.3718
14.8183
15.0828
15.2431
15.3078
15.5538
13.7104
13.0921
14.9893
13.1033
14.5575
14.8816
15.5093
15.9499
16.2498
15.3699
14.9542
15.7191
15.217
15.1606
14.6423
13.5359
12.6381
14.931
15.3978
16.2097
16.2618
15.9138
15.5199
16.259
16.3557
15.898
16.2847
17.1975
16.9326
17.6703
17.5119
17.0049
17.0049
