539.559
531.522
515.746
492.819
463.589
429.145
390.763
349.87
307.979
266.646
227.399
191.691
160.841
135.983
118.029
107.632
105.16
110.687
123.986
144.538
171.554
204.003
240.649
280.099
320.856
361.372
400.107
435.587
466.46
491.543
509.871
520.728
523.677
518.578
505.588
485.158
458.018
425.147
387.738
347.153
304.873
262.441
221.406
183.265
149.408
121.065
99.2583
84.7692
78.1052
79.482
80.0573
80.7044
81.4205
82.2027
83.0477
83.9519
84.9118
85.9232
86.9822
88.0842
89.2251
90.3999
91.6042
92.8329
94.081
95.3436
96.6156
97.8918
99.167
100.436
101.694
102.936
104.156
105.35
106.513
107.64
108.726
109.768
110.76
111.699
112.58
113.4
114.156
114.844
115.461
116.005
116.473
116.862
117.172
117.4
117.545
117.606
117.583
117.475
117.281
117.004
116.642
116.197
115.67
115.062
