0.792304
0.792231
0.792151
0.792057
0.791943
0.791804
0.791636
0.791434
0.791194
0.790913
0.790589
0.790218
0.789799
0.78933
0.788808
0.788234
0.787606
0.786922
0.786183
0.785388
0.784538
0.783631
0.78267
0.781653
0.780582
0.779457
0.77828
0.777052
0.775773
0.774446
0.773072
0.771652
0.770189
0.768684
0.767139
0.765557
0.763941
0.762291
0.760611
0.758904
0.757171
0.755416
0.753642
0.751852
0.750048
0.748233
0.746411
0.744584
0.742757
0.740931
0.73911
0.737298
0.735497
0.733711
0.731942
0.730195
0.728471
0.726775
0.725108
0.723475
0.721877
0.720317
0.718798
0.717322
0.715892
0.714509
0.713176
0.711895
0.710666
0.709491
0.708372
0.707309
0.706303
0.705354
0.704463
0.703629
0.702853
0.702132
0.701468
0.700858
0.700301
0.699796
0.699341
0.698933
0.698571
0.698252
0.697974
0.697733
0.697528
0.697355
0.697211
0.697092
0.696997
0.696922
0.696863
0.696818
0.696784
0.696758
0.696737
0.696719
0.6967
0.69668
0.696654
0.696622
0.696582
0.696531
0.696469
0.696394
0.696305
0.6962
0.69608
0.695944
0.69579
0.695619
0.695431
0.695226
0.695003
0.694763
0.694506
0.694233
0.693944
0.693641
0.693322
0.69299
0.692646
0.692289
0.691922
0.691545
0.69116
0.690767
0.690368
0.689965
0.689558
0.689149
0.688739
0.68833
0.687923
0.687521
0.687124
0.686734
0.686353
0.685982
0.685624
0.685279
0.684951
0.684641
0.68435
0.684081
0.683836
0.683616
0.683424
0.683262
0.683132
0.683035
0.682976
0.682954
0.682974
0.683037
0.683145
0.683301
0.683508
0.683767
0.684081
0.684454
0.684887
0.685384
0.685947
0.686579
0.687283
0.688062
0.688919
0.689858
0.690881
0.691994
0.693199
0.694499
0.6959
0.697405
0.699019
0.700747
0.702592
0.704562
0.706661
0.708894
0.711269
0.713792
0.716469
0.719308
0.722316
0.725503
0.728876
0.732445
0.73622
0.740212
0.74443
0.748887
0.753596
0.758569
0.763819
0.76936
0.775209
0.781379
0.787888
0.794749
0.801982
0.809603
0.817627
0.826073
0.834956
0.844291
0.854093
0.864373
0.875144
0.886413
0.898184
0.910459
0.923234
0.936502
0.950249
0.964454
0.979091
0.994129
1.00953
1.02524
1.04121
1.05739
1.07371
1.09011
1.1065
1.12282
1.139
1.15495
1.17059
1.18586
1.20067
1.21496
1.22866
1.2417
1.25404
1.26562
1.2764
1.28635
1.29546
1.30369
1.31106
1.31755
1.32317
1.32793
1.33184
1.33493
1.33721
1.3387
1.33942
1.3394
1.33866
1.33722
1.33511
1.33234
1.32895
1.32494
1.32034
1.31518
1.30946
1.30322
1.29646
1.28921
1.28148
1.27329
1.26465
1.25558
1.24609
1.23619
1.2259
1.21522
1.20418
1.19277
1.18101
1.16891
1.15648
1.14373
1.13067
1.11731
1.10367
1.08976
1.0756
1.06121
1.04662
1.03186
1.01696
1.00197
0.986941
0.971929
0.957004
0.94224
0.92772
0.913536
0.899781
0.886553
0.873949
0.862066
0.850991
0.840805
0.831579
0.823369
0.816221
0.810165
0.805218
0.801387
0.798666
0.797042
0.796495
0.796999
0.798526
0.801043
0.804517
0.808914
0.814203
0.820349
0.82732
0.835082
0.843606
0.852858
0.862808
0.873422
0.884669
0.896515
0.908923
0.921858
0.935283
0.949156
0.963435
0.978077
0.993035
1.00826
1.02371
1.03932
1.05504
1.07082
1.08661
1.10233
1.11795
1.1334
1.14861
1.16355
1.17814
1.19233
1.20608
1.21932
1.23201
1.2441
1.25555
1.2663
1.27633
1.28559
1.29405
1.30168
1.30846
1.31436
1.31937
1.32347
1.32665
1.32892
1.33029
1.33075
1.33032
1.32904
1.32693
1.32402
1.32036
1.31601
1.311
1.30541
1.2993
1.29274
1.28579
1.27853
1.27103
1.26336
1.25559
1.24778
1.23998
1.23226
1.22466
1.21722
1.20998
1.20296
1.19619
1.18967
1.18343
1.17745
1.17175
1.16632
1.16114
1.1562
1.1515
1.14701
1.14271
1.1386
1.13463
1.13081
1.12711
1.1235
1.11997
1.1165
1.11308
1.10968
1.1063
1.10291
1.0995
1.09606
1.09258
1.08905
1.08545
1.08178
1.07803
1.0742
1.07027
1.06623
1.0621
1.05785
1.0535
1.04902
1.04443
1.03971
1.03488
1.02992
1.02483
1.01962
1.01428
1.00882
1.00324
0.99753
0.9917
0.985749
0.979679
0.973493
0.967192
0.960779
0.954256
0.947627
0.940895
0.934063
0.927135
0.920116
0.913008
0.905817
0.898548
0.891205
0.883793
0.87632
0.868789
0.861207
0.853582
0.845919
0.838225
0.830509
0.822776
0.815036
0.807295
0.799562
0.791846
0.784155
0.776497
0.768882
0.761317
0.753811
0.746374
0.739013
0.731736
0.724553
0.717469
0.710492
0.703629
0.696887
0.690271
0.683785
0.677435
0.671224
0.665155
0.659229
0.653448
0.647813
0.642323
0.636977
0.631772
0.626706
0.621776
0.616976
0.612302
0.607748
0.603309
0.598977
0.594745
0.590606
0.586553
0.582576
0.578668
0.574821
0.571026
0.567275
0.563559
0.559871
0.556201
0.552542
0.548887
0.545227
0.541556
0.537866
0.534151
0.530403
0.526619
0.52279
0.518912
0.51498
0.510989
0.506935
0.502813
0.498619
0.494351
0.490005
0.485578
0.481068
0.476472
0.47179
0.467018
0.462156
0.457204
0.452159
0.447023
0.441794
0.436473
0.43106
0.425556
0.419962
0.41428
0.40851
0.402654
0.396715
0.390694
0.384594
0.378418
0.372169
0.36585
0.359464
0.353015
0.346508
0.339946
0.333334
0.326675
0.319976
0.313242
0.306476
0.299686
0.292876
0.286052
0.27922
0.272386
0.265557
0.258738
0.251937
0.245159
0.238411
0.231699
0.225031
0.218412
0.211849
0.205349
0.198917
0.19256
0.186284
0.180095
0.173998
0.167998
0.162101
0.156311
0.150634
0.145072
0.139631
0.134313
0.129121
0.124059
0.119128
0.114331
0.109669
0.105143
0.100754
0.0965019
0.0923874
0.0884098
0.0845684
0.0808621
0.0772896
0.0738494
0.0705393
0.0673574
0.0643013
0.0613683
0.0585556
0.0558605
0.0532798
0.0508103
0.0484489
0.0461923
0.0440369
0.0419795
0.0400166
0.0381448
0.0363608
0.034661
0.0330422
0.0315011
0.0300344
0.028639
0.0273118
0.0260497
0.0248499
0.0237094
0.0226255
0.0215956
0.020617
0.0196873
0.0188041
0.017965
0.017168
0.0164108
0.0156915
0.0150082
0.014359
0.013742
0.0131558
0.0125986
0.012069
0.0115654
0.0110866
0.0106312
0.0101981
0.00978588
0.00939363
0.00902024
0.00866471
0.00832604
0.00800343
0.00769594
0.00740288
0.00712334
0.00685677
0.00660236
0.00635953
0.00612767
0.00590619
0.00569458
0.00549232
0.0052989
0.00511386
0.00493682
0.00476735
0.00460508
0.0044496
0.00430062
0.00415775
0.00402078
0.00388933
0.00376321
0.00364208
0.00352578
0.00341398
0.00330657
0.00320325
0.00310386
0.00300829
0.00291622
0.00282759
0.00274221
0.00265996
0.00258063
0.00250417
0.00243044
0.00235927
0.00229059
0.00222429
0.00216024
0.00209837
0.00203859
0.00198079
0.00192492
0.00187088
0.00181862
0.001768
0.00171902
0.00167164
0.0016257
0.00158122
0.00153816
0.0014964
0.00145594
0.0014167
0.00137864
0.00134176
0.00130594
0.00127121
0.00123748
0.00120476
0.00117298
0.00114216
0.0011122
0.00108309
0.00105484
0.00102738
0.0010007
0.000974736
0.000949529
0.000925034
0.000901207
0.000878059
0.000855499
0.000833612
0.000812298
0.000791523
0.000771399
0.000751727
0.000732618
0.000714039
0.000695952
0.000678345
0.000661204
0.000644515
0.000628267
0.000612455
0.000597041
0.000582026
0.000567417
0.000553172
0.00053934
0.000525827
0.000512639
0.000499853
0.000487353
0.00047521
0.000463398
0.000451844
0.000440589
0.000429604
0.000418928
0.00040851
0.000398382
0.000388471
0.000378841
0.000369438
0.000360289
0.000351372
0.000342654
0.000334177
0.000325926
0.000317855
0.000309994
0.000302326
0.000294891
0.000287586
0.000280512
0.000273578
0.000266809
0.000260263
0.000253815
0.000247571
0.000241434
0.000235518
0.00022971
0.000224094
0.000218554
0.00021317
0.000207933
0.000202808
0.000197841
0.000192955
0.000188189
0.000183579
0.000179067
0.000174666
0.000170368
0.0001662
0.000162117
0.00015812
0.000154229
0.000150471
0.000146751
0.000143147
0.000139627
0.00013619
0.000132852
0.00012959
0.000126419
0.00012333
0.000120325
0.00011737
0.000114482
0.000111636
0.0001089
0.000106261
0.00010367
0.000101076
9.86127e-05
9.62091e-05
9.38323e-05
9.15275e-05
8.92903e-05
8.71114e-05
8.49412e-05
8.28997e-05
8.08563e-05
7.8864e-05
7.69554e-05
7.50154e-05
7.31961e-05
7.1433e-05
6.96566e-05
6.79815e-05
6.62983e-05
6.4682e-05
6.30732e-05
6.15364e-05
6.00541e-05
5.85487e-05
5.7116e-05
5.56983e-05
5.43818e-05
5.30017e-05
5.17324e-05
5.04646e-05
4.92036e-05
4.80281e-05
4.68341e-05
4.56993e-05
4.45571e-05
4.34776e-05
4.24265e-05
4.13683e-05
4.03679e-05
3.93783e-05
3.84092e-05
3.74806e-05
3.65631e-05
3.56721e-05
3.47626e-05
3.392e-05
3.30863e-05
3.22793e-05
3.14956e-05
3.07156e-05
2.99675e-05
2.92423e-05
2.8493e-05
2.77902e-05
2.71386e-05
2.64943e-05
2.58328e-05
2.51774e-05
2.46025e-05
2.39792e-05
2.33691e-05
2.28353e-05
2.22532e-05
2.16926e-05
2.11796e-05
2.06726e-05
2.01941e-05
1.96472e-05
1.91996e-05
1.87066e-05
1.82515e-05
1.78124e-05
1.7364e-05
1.69542e-05
1.65485e-05
1.61027e-05
1.5725e-05
1.53464e-05
1.50009e-05
1.46379e-05
1.42396e-05
1.38787e-05
1.35523e-05
1.32253e-05
1.28975e-05
1.25829e-05
1.22592e-05
1.19482e-05
1.16823e-05
1.14133e-05
1.11489e-05
1.08102e-05
1.05698e-05
1.03075e-05
1.00731e-05
9.83352e-06
9.58927e-06
9.35503e-06
9.07982e-06
8.88188e-06
8.66341e-06
8.45952e-06
8.24688e-06
8.02604e-06
7.8485e-06
7.66314e-06
7.48202e-06
7.29427e-06
7.10851e-06
6.93668e-06
6.79336e-06
6.59608e-06
6.46822e-06
6.26769e-06
6.13472e-06
5.97391e-06
5.81973e-06
5.70302e-06
5.58403e-06
5.39256e-06
5.28229e-06
5.15401e-06
5.03737e-06
4.89823e-06
4.78988e-06
4.65034e-06
4.53103e-06
4.43443e-06
4.30425e-06
4.20876e-06
4.11786e-06
4.02448e-06
3.93436e-06
3.82039e-06
3.72719e-06
3.63412e-06
3.5645e-06
3.46408e-06
3.36423e-06
3.28629e-06
3.21105e-06
3.16547e-06
3.0606e-06
2.9966e-06
2.89434e-06
2.83988e-06
2.759e-06
2.69548e-06
2.63884e-06
2.58753e-06
2.51649e-06
2.46263e-06
2.38302e-06
2.34386e-06
2.26372e-06
2.22209e-06
2.17772e-06
2.12596e-06
2.06518e-06
2.00989e-06
1.98811e-06
1.91424e-06
1.84755e-06
1.81576e-06
1.77831e-06
1.70837e-06
1.6651e-06
1.63188e-06
1.59447e-06
1.59801e-06
1.56097e-06
1.52936e-06
1.42345e-06
1.41115e-06
1.40457e-06
1.36661e-06
1.32928e-06
1.27128e-06
1.26122e-06
1.20126e-06
1.20577e-06
1.1747e-06
1.12905e-06
1.09715e-06
1.06478e-06
1.02747e-06
1.02976e-06
9.98938e-07
9.60503e-07
9.54408e-07
9.45161e-07
8.95543e-07
8.93127e-07
8.38126e-07
8.13168e-07
7.97335e-07
7.71114e-07
7.62255e-07
7.64939e-07
7.39512e-07
6.99975e-07
7.03156e-07
